E*/MeV	190Po	191Po	192Po	193Po	194Po	195Po	196Po
21.0	0.000E+00	0.000E+00	0.000E+00	0.000E+00	0.000E+00	0.391E-09	0.360E-08
22.0	0.000E+00	0.000E+00	0.000E+00	0.000E+00	0.000E+00	0.309E-08	0.122E-07
23.0	0.000E+00	0.000E+00	0.000E+00	0.000E+00	0.000E+00	0.226E-07	0.385E-07
24.0	0.000E+00	0.000E+00	0.000E+00	0.000E+00	0.000E+00	0.153E-06	0.115E-06
25.0	0.000E+00	0.000E+00	0.000E+00	0.000E+00	0.916E-11	0.956E-06	0.328E-06
26.0	0.000E+00	0.000E+00	0.000E+00	0.000E+00	0.395E-09	0.553E-05	0.891E-06
27.0	0.000E+00	0.000E+00	0.000E+00	0.000E+00	0.788E-08	0.287E-04	0.228E-05
28.0	0.000E+00	0.000E+00	0.000E+00	0.000E+00	0.107E-06	0.125E-03	0.526E-05
29.0	0.000E+00	0.000E+00	0.000E+00	0.000E+00	0.103E-05	0.412E-03	0.100E-04
30.0	0.000E+00	0.000E+00	0.000E+00	0.000E+00	0.656E-05	0.983E-03	0.148E-04
31.0	0.000E+00	0.000E+00	0.000E+00	0.000E+00	0.301E-04	0.181E-02	0.176E-04
32.0	0.000E+00	0.000E+00	0.000E+00	0.000E+00	0.107E-03	0.275E-02	0.178E-04
33.0	0.000E+00	0.000E+00	0.000E+00	0.000E+00	0.311E-03	0.362E-02	0.161E-04
34.0	0.000E+00	0.000E+00	0.000E+00	0.000E+00	0.763E-03	0.424E-02	0.134E-04
35.0	0.000E+00	0.000E+00	0.000E+00	0.739E-09	0.161E-02	0.452E-02	0.104E-04
36.0	0.000E+00	0.000E+00	0.000E+00	0.133E-07	0.295E-02	0.444E-02	0.768E-05
37.0	0.000E+00	0.000E+00	0.000E+00	0.991E-07	0.472E-02	0.405E-02	0.536E-05
38.0	0.000E+00	0.000E+00	0.000E+00	0.423E-06	0.667E-02	0.347E-02	0.356E-05
39.0	0.000E+00	0.000E+00	0.000E+00	0.130E-05	0.842E-02	0.281E-02	0.226E-05
40.0	0.000E+00	0.000E+00	0.000E+00	0.355E-05	0.960E-02	0.217E-02	0.135E-05
41.0	0.000E+00	0.000E+00	0.000E+00	0.934E-05	0.100E-01	0.159E-02	0.732E-06
42.0	0.000E+00	0.000E+00	0.000E+00	0.235E-04	0.962E-02	0.113E-02	0.333E-06
43.0	0.000E+00	0.000E+00	0.000E+00	0.543E-04	0.865E-02	0.770E-03	0.000E+00
44.0	0.000E+00	0.000E+00	0.000E+00	0.114E-03	0.734E-02	0.510E-03	0.000E+00
45.0	0.000E+00	0.000E+00	0.000E+00	0.217E-03	0.592E-02	0.330E-03	0.000E+00
46.0	0.000E+00	0.000E+00	0.000E+00	0.376E-03	0.458E-02	0.208E-03	0.000E+00
47.0	0.000E+00	0.000E+00	0.898E-09	0.595E-03	0.342E-02	0.129E-03	0.000E+00
48.0	0.000E+00	0.000E+00	0.569E-08	0.866E-03	0.248E-02	0.788E-04	0.000E+00
49.0	0.000E+00	0.000E+00	0.290E-07	0.116E-02	0.175E-02	0.475E-04	0.000E+00
50.0	0.000E+00	0.000E+00	0.122E-06	0.144E-02	0.121E-02	0.283E-04	0.000E+00
51.0	0.000E+00	0.000E+00	0.431E-06	0.167E-02	0.825E-03	0.167E-04	0.000E+00
52.0	0.000E+00	0.000E+00	0.129E-05	0.181E-02	0.552E-03	0.972E-05	0.000E+00
53.0	0.000E+00	0.000E+00	0.337E-05	0.185E-02	0.365E-03	0.562E-05	0.000E+00
54.0	0.000E+00	0.000E+00	0.770E-05	0.180E-02	0.239E-03	0.322E-05	0.000E+00
55.0	0.000E+00	0.000E+00	0.157E-04	0.167E-02	0.155E-03	0.182E-05	0.000E+00
56.0	0.000E+00	0.000E+00	0.286E-04	0.149E-02	0.100E-03	0.994E-06	0.000E+00
57.0	0.000E+00	0.000E+00	0.471E-04	0.129E-02	0.640E-04	0.520E-06	0.000E+00
58.0	0.000E+00	0.136E-09	0.710E-04	0.108E-02	0.407E-04	0.238E-06	0.000E+00
59.0	0.000E+00	0.576E-09	0.983E-04	0.885E-03	0.258E-04	0.000E+00	0.000E+00
60.0	0.000E+00	0.184E-08	0.126E-03	0.706E-03	0.162E-04	0.000E+00	0.000E+00
61.0	0.000E+00	0.495E-08	0.151E-03	0.553E-03	0.101E-04	0.000E+00	0.000E+00
62.0	0.000E+00	0.124E-07	0.170E-03	0.425E-03	0.630E-05	0.000E+00	0.000E+00
63.0	0.000E+00	0.300E-07	0.184E-03	0.321E-03	0.390E-05	0.000E+00	0.000E+00
64.0	0.000E+00	0.716E-07	0.187E-03	0.240E-03	0.239E-05	0.000E+00	0.000E+00
65.0	0.000E+00	0.164E-06	0.183E-03	0.176E-03	0.146E-05	0.000E+00	0.000E+00
66.0	0.000E+00	0.352E-06	0.173E-03	0.128E-03	0.871E-06	0.000E+00	0.000E+00
67.0	0.000E+00	0.705E-06	0.157E-03	0.926E-04	0.504E-06	0.000E+00	0.000E+00
68.0	0.000E+00	0.131E-05	0.139E-03	0.661E-04	0.283E-06	0.000E+00	0.000E+00
69.0	0.000E+00	0.225E-05	0.120E-03	0.469E-04	0.139E-06	0.000E+00	0.000E+00
70.0	0.000E+00	0.360E-05	0.102E-03	0.330E-04	0.529E-07	0.000E+00	0.000E+00
71.0	0.243E-10	0.537E-05	0.841E-04	0.230E-04	0.000E+00	0.000E+00	0.000E+00
72.0	0.102E-09	0.750E-05	0.684E-04	0.160E-04	0.000E+00	0.000E+00	0.000E+00
73.0	0.371E-09	0.988E-05	0.547E-04	0.110E-04	0.000E+00	0.000E+00	0.000E+00
74.0	0.118E-08	0.123E-04	0.431E-04	0.756E-05	0.000E+00	0.000E+00	0.000E+00
75.0	0.332E-08	0.146E-04	0.335E-04	0.516E-05	0.000E+00	0.000E+00	0.000E+00
76.0	0.832E-08	0.166E-04	0.258E-04	0.350E-05	0.000E+00	0.000E+00	0.000E+00
77.0	0.188E-07	0.180E-04	0.196E-04	0.236E-05	0.000E+00	0.000E+00	0.000E+00
78.0	0.385E-07	0.189E-04	0.148E-04	0.159E-05	0.000E+00	0.000E+00	0.000E+00
79.0	0.719E-07	0.192E-04	0.111E-04	0.106E-05	0.000E+00	0.000E+00	0.000E+00
80.0	0.124E-06	0.189E-04	0.819E-05	0.703E-06	0.000E+00	0.000E+00	0.000E+00
