E_lab	E*/MeV	190Po	191Po	192Po	193Po	194Po	195Po	196Po
225.247	21.0	0.000E+00	0.000E+00	0.000E+00	0.000E+00	0.000E+00	0.389E-09	0.359E-08
226.644	22.0	0.000E+00	0.000E+00	0.000E+00	0.000E+00	0.000E+00	0.308E-08	0.121E-07
228.041	23.0	0.000E+00	0.000E+00	0.000E+00	0.000E+00	0.000E+00	0.225E-07	0.384E-07
229.438	24.0	0.000E+00	0.000E+00	0.000E+00	0.000E+00	0.000E+00	0.152E-06	0.115E-06
230.835	25.0	0.000E+00	0.000E+00	0.000E+00	0.000E+00	0.913E-11	0.953E-06	0.327E-06
232.232	26.0	0.000E+00	0.000E+00	0.000E+00	0.000E+00	0.394E-09	0.551E-05	0.888E-06
233.630	27.0	0.000E+00	0.000E+00	0.000E+00	0.000E+00	0.785E-08	0.286E-04	0.227E-05
235.027	28.0	0.000E+00	0.000E+00	0.000E+00	0.000E+00	0.107E-06	0.125E-03	0.524E-05
236.424	29.0	0.000E+00	0.000E+00	0.000E+00	0.000E+00	0.103E-05	0.411E-03	0.998E-05
237.821	30.0	0.000E+00	0.000E+00	0.000E+00	0.000E+00	0.655E-05	0.981E-03	0.148E-04
239.218	31.0	0.000E+00	0.000E+00	0.000E+00	0.000E+00	0.300E-04	0.181E-02	0.175E-04
240.615	32.0	0.000E+00	0.000E+00	0.000E+00	0.000E+00	0.107E-03	0.275E-02	0.178E-04
242.013	33.0	0.000E+00	0.000E+00	0.000E+00	0.000E+00	0.310E-03	0.361E-02	0.161E-04
243.410	34.0	0.000E+00	0.000E+00	0.000E+00	0.000E+00	0.763E-03	0.424E-02	0.134E-04
244.807	35.0	0.000E+00	0.000E+00	0.000E+00	0.738E-09	0.161E-02	0.452E-02	0.104E-04
246.204	36.0	0.000E+00	0.000E+00	0.000E+00	0.133E-07	0.295E-02	0.443E-02	0.767E-05
247.601	37.0	0.000E+00	0.000E+00	0.000E+00	0.990E-07	0.472E-02	0.405E-02	0.536E-05
248.998	38.0	0.000E+00	0.000E+00	0.000E+00	0.423E-06	0.667E-02	0.347E-02	0.356E-05
250.396	39.0	0.000E+00	0.000E+00	0.000E+00	0.130E-05	0.842E-02	0.281E-02	0.226E-05
251.793	40.0	0.000E+00	0.000E+00	0.000E+00	0.355E-05	0.960E-02	0.217E-02	0.135E-05
253.190	41.0	0.000E+00	0.000E+00	0.000E+00	0.934E-05	0.999E-02	0.159E-02	0.731E-06
254.587	42.0	0.000E+00	0.000E+00	0.000E+00	0.235E-04	0.962E-02	0.113E-02	0.333E-06
255.984	43.0	0.000E+00	0.000E+00	0.000E+00	0.543E-04	0.865E-02	0.770E-03	0.000E+00
257.381	44.0	0.000E+00	0.000E+00	0.000E+00	0.114E-03	0.734E-02	0.510E-03	0.000E+00
258.779	45.0	0.000E+00	0.000E+00	0.000E+00	0.217E-03	0.592E-02	0.330E-03	0.000E+00
260.176	46.0	0.000E+00	0.000E+00	0.000E+00	0.376E-03	0.458E-02	0.208E-03	0.000E+00
261.573	47.0	0.000E+00	0.000E+00	0.898E-09	0.595E-03	0.342E-02	0.129E-03	0.000E+00
262.970	48.0	0.000E+00	0.000E+00	0.569E-08	0.866E-03	0.248E-02	0.788E-04	0.000E+00
264.367	49.0	0.000E+00	0.000E+00	0.290E-07	0.116E-02	0.175E-02	0.475E-04	0.000E+00
265.764	50.0	0.000E+00	0.000E+00	0.122E-06	0.144E-02	0.121E-02	0.283E-04	0.000E+00
267.162	51.0	0.000E+00	0.000E+00	0.431E-06	0.167E-02	0.825E-03	0.167E-04	0.000E+00
268.559	52.0	0.000E+00	0.000E+00	0.129E-05	0.181E-02	0.552E-03	0.972E-05	0.000E+00
269.956	53.0	0.000E+00	0.000E+00	0.337E-05	0.185E-02	0.365E-03	0.562E-05	0.000E+00
271.353	54.0	0.000E+00	0.000E+00	0.770E-05	0.180E-02	0.239E-03	0.322E-05	0.000E+00
272.750	55.0	0.000E+00	0.000E+00	0.157E-04	0.167E-02	0.155E-03	0.182E-05	0.000E+00
274.147	56.0	0.000E+00	0.000E+00	0.286E-04	0.149E-02	0.100E-03	0.994E-06	0.000E+00
275.545	57.0	0.000E+00	0.000E+00	0.471E-04	0.129E-02	0.640E-04	0.520E-06	0.000E+00
276.942	58.0	0.000E+00	0.136E-09	0.710E-04	0.108E-02	0.407E-04	0.238E-06	0.000E+00
278.339	59.0	0.000E+00	0.576E-09	0.983E-04	0.885E-03	0.258E-04	0.000E+00	0.000E+00
279.736	60.0	0.000E+00	0.184E-08	0.126E-03	0.706E-03	0.162E-04	0.000E+00	0.000E+00
281.133	61.0	0.000E+00	0.495E-08	0.151E-03	0.553E-03	0.101E-04	0.000E+00	0.000E+00
282.530	62.0	0.000E+00	0.124E-07	0.170E-03	0.425E-03	0.630E-05	0.000E+00	0.000E+00
283.928	63.0	0.000E+00	0.300E-07	0.184E-03	0.321E-03	0.390E-05	0.000E+00	0.000E+00
285.325	64.0	0.000E+00	0.716E-07	0.187E-03	0.240E-03	0.239E-05	0.000E+00	0.000E+00
286.722	65.0	0.000E+00	0.164E-06	0.183E-03	0.176E-03	0.146E-05	0.000E+00	0.000E+00
288.119	66.0	0.000E+00	0.352E-06	0.173E-03	0.128E-03	0.871E-06	0.000E+00	0.000E+00
289.516	67.0	0.000E+00	0.705E-06	0.157E-03	0.926E-04	0.504E-06	0.000E+00	0.000E+00
290.913	68.0	0.000E+00	0.131E-05	0.139E-03	0.661E-04	0.283E-06	0.000E+00	0.000E+00
292.311	69.0	0.000E+00	0.225E-05	0.120E-03	0.469E-04	0.139E-06	0.000E+00	0.000E+00
293.708	70.0	0.000E+00	0.360E-05	0.102E-03	0.330E-04	0.529E-07	0.000E+00	0.000E+00
295.105	71.0	0.243E-10	0.537E-05	0.841E-04	0.230E-04	0.000E+00	0.000E+00	0.000E+00
296.502	72.0	0.102E-09	0.750E-05	0.684E-04	0.160E-04	0.000E+00	0.000E+00	0.000E+00
297.899	73.0	0.371E-09	0.988E-05	0.547E-04	0.110E-04	0.000E+00	0.000E+00	0.000E+00
299.296	74.0	0.118E-08	0.123E-04	0.431E-04	0.756E-05	0.000E+00	0.000E+00	0.000E+00
300.693	75.0	0.332E-08	0.146E-04	0.335E-04	0.516E-05	0.000E+00	0.000E+00	0.000E+00
302.091	76.0	0.832E-08	0.166E-04	0.258E-04	0.350E-05	0.000E+00	0.000E+00	0.000E+00
303.488	77.0	0.188E-07	0.180E-04	0.196E-04	0.236E-05	0.000E+00	0.000E+00	0.000E+00
304.885	78.0	0.385E-07	0.189E-04	0.148E-04	0.159E-05	0.000E+00	0.000E+00	0.000E+00
306.282	79.0	0.719E-07	0.192E-04	0.111E-04	0.106E-05	0.000E+00	0.000E+00	0.000E+00
307.679	80.0	0.124E-06	0.189E-04	0.819E-05	0.703E-06	0.000E+00	0.000E+00	0.000E+00
